[[array([[  6.0942745, -14.260595 , -22.973621 ],
       [  7.296792 , -13.919949 , -24.367857 ],
       [  7.283252 , -13.665152 , -24.050348 ],
       ...,
       [  5.895709 , -13.834776 , -22.242268 ],
       [  7.9321785, -13.354176 , -26.050297 ],
       [  7.966247 , -13.196716 , -26.160149 ]], dtype=float32), array([[  4.1951075, -10.956415 , -23.174686 ],
       [  5.9909244, -10.384981 , -24.960136 ],
       [  5.7704954, -10.247055 , -24.597954 ],
       ...,
       [  3.9022377, -10.584307 , -22.322197 ],
       [  6.197292 ,  -9.972164 , -26.18024  ],
       [  6.27063  ,  -9.796768 , -26.181255 ]], dtype=float32), array([[  3.3086321,  -9.904343 , -19.619509 ],
       [  5.126382 ,  -8.207254 , -21.959003 ],
       [  5.127617 ,  -7.838663 , -21.698658 ],
       ...,
       [  2.7701545,  -9.51231  , -18.842964 ],
       [  4.3528266,  -8.448944 , -23.225874 ],
       [  4.60508  ,  -8.391127 , -23.066654 ]], dtype=float32), array([[  1.1193738 ,  -6.78642464, -19.8677597 ],
       [  2.74930286,  -5.25614738, -22.50883865],
       [  3.0807476 ,  -4.6550045 , -22.2196846 ],
       ...,
       [  0.42053032,  -6.52211189, -18.90808487],
       [  2.05760527,  -5.44105721, -23.46305656],
       [  2.29020691,  -5.39969635, -23.28086472]]), array([[  2.71108127,  -4.38275337, -17.37142181],
       [  3.80265021,  -1.84840775, -21.09808731],
       [  4.10395193,  -1.61603355, -20.15263939],
       ...,
       [  0.54770088,  -4.20727921, -15.90412331],
       [  3.09929943,  -2.37058067, -21.46802139],
       [  3.10060453,  -2.28908348, -21.24948502]]), array([[ -0.19173908,  -1.99783707, -16.73114395],
       [  2.28568935,   1.40353966, -22.5366745 ],
       [  2.84478951,   1.27205467, -22.31534004],
       ...,
       [ -2.30648184,  -2.6697979 , -13.8895216 ],
       [  0.55045128,   0.19428825, -20.3223381 ],
       [  0.29985619,   0.23849869, -20.82149124]]), array([[  0.64347219,  -0.94828415, -13.14740372],
       [  3.21568632,   4.28275681, -20.16526031],
       [  4.36791039,   3.71404457, -19.78848839],
       ...,
       [ -0.82135439,   0.79720879, -14.21418095],
       [  2.64064693,   3.34665298, -20.03688431],
       [  1.79318476,   3.71492195, -20.96973801]]), array([[  0.26351511,   4.02497254, -17.52559493],
       [  0.48196602,   6.02719307, -18.0963974 ],
       [  2.12627602,   6.16591072, -17.91014862],
       ...,
       [ -3.81670046,   2.94622612, -13.19723511],
       [  0.75939608,   5.5578289 , -17.56248856],
       [  0.54822874,   5.27404404, -17.72422409]]), array([[ -0.24993336,   1.74385613, -15.33403325],
       [ -0.38196611,   2.94721222, -16.05955696],
       [ -0.03368425,   4.18789101, -15.48135376],
       ...,
       [ -3.96105909,   1.41937065,  -9.68661785],
       [ -0.23589706,   2.94532967, -14.94108963],
       [ -0.4728055 ,   2.56494904, -15.23330688]]), array([[  1.71103237,   1.36028047, -13.53216526],
       [  2.01630497,   1.48320198, -13.49462223],
       [  2.27016973,   2.04244041, -13.31682587],
       ...,
       [ -0.63526773,  -0.37871933,  -8.98920441],
       [  2.35733223,   1.59494781, -12.48287678],
       [  2.22630358,   1.68015099, -12.67856789]]), array([[  4.88385108,   1.07312162, -14.98389292],
       [  5.22706699,   1.03446388, -15.44168663],
       [  5.42429447,   1.22149086, -15.31813145],
       ...,
       [  1.68930292,   2.18366051, -10.55471611],
       [  4.86986494,   1.51024628, -15.32529259],
       [  4.69363451,   1.64336777, -15.5634346 ]]), array([[  6.73240522,  -2.09277976, -14.86272184],
       [  6.9744215 ,  -2.31050873, -15.67177773],
       [  7.20191717,  -2.13437653, -15.6901598 ],
       ...,
       [  5.09151936,   1.1444931 , -11.86084938],
       [  6.67511845,  -1.78756714, -15.81029129],
       [  6.82046127,  -1.47414017, -15.87961006]])], [array([[  8.450831 , -12.486206 ,  -5.946808 ],
       [ 11.068803 , -14.047972 ,  -5.2062845],
       [ 11.164685 , -14.249759 ,  -5.242352 ],
       ...,
       [  7.745354 , -13.799433 ,  -5.432542 ],
       [ 11.7089615, -13.17355  ,  -5.2236743],
       [ 11.629976 , -13.420728 ,  -5.081502 ]], dtype=float32), array([[  7.90081215,  -9.4837265 ,  -8.20206833],
       [ 14.52721596, -13.58179379,  -3.70385885],
       [ 14.63423729, -13.71209335,  -3.77986908],
       ...,
       [  7.86918926, -10.70698357,  -7.65489197],
       [ 15.16409779, -12.77423   ,  -3.69892311],
       [ 15.10745621, -13.00233459,  -3.61171556]]), array([[ 4.41502428e+00, -1.02594948e+01, -9.49116516e+00],
       [ 1.44483833e+01, -1.45296812e+01, -3.63192558e-02],
       [ 1.44231491e+01, -1.48896208e+01, -1.75349236e-01],
       ...,
       [ 4.15861940e+00, -1.05937080e+01, -8.55720711e+00],
       [ 1.48658094e+01, -1.40240726e+01, -1.24630928e-01],
       [ 1.49099960e+01, -1.41140232e+01,  1.12857819e-02]]), array([[  3.00917625, -12.48943138,  -6.68752623],
       [ 16.62978172, -13.78827381,   2.96170759],
       [ 16.57713699, -13.76973343,   2.72460365],
       ...,
       [  2.36319184, -12.7387886 ,  -5.99656963],
       [ 17.51666641, -13.063797  ,   2.41316557],
       [ 17.57536316, -13.13035107,   2.52386379]]), array([[  0.73586369, -15.40256691,  -7.67256117],
       [ 18.267416  , -15.81179047,   5.72419977],
       [ 18.33258438, -15.90960789,   5.30694962],
       ...,
       [  0.17886734, -15.74315357,  -6.7795701 ],
       [ 11.80847372, -14.16039777,   1.18094238],
       [ 11.80847372, -14.16039777,   1.18094238]]), array([[ -3.04912043, -14.55899811,  -7.81205225],
       [ 16.26111794, -16.18847275,   7.84396887],
       [ 16.25286865, -16.03899002,   7.47330856],
       ...,
       [ -3.31245184, -14.5146637 ,  -7.73570919],
       [  9.46757833, -14.62742741,   2.05449019],
       [  9.46757833, -14.62742741,   2.05449019]]), array([[ -6.38523436, -16.30489349,  -7.16556597],
       [ 13.05415726, -15.57683468,   5.89127493],
       [ 13.15109253, -15.41845131,   5.35540676],
       ...,
       [ -6.52345514, -16.42889023,  -7.23238754],
       [ 13.67366409, -15.36377239,   6.53551912],
       [ 13.69353485, -15.21740246,   6.32572651]]), array([[ -7.2541585 , -15.7997036 , -10.86351204],
       [ 10.56517601, -12.89714909,   6.81259108],
       [ 10.47251129, -13.03557587,   6.63675308],
       ...,
       [ -7.29674482, -16.11079788, -10.96658897],
       [ 11.33883953, -12.37717247,   6.52157545],
       [ 11.34545708, -12.2412014 ,   6.44280815]]), array([[ -5.06436491, -15.45956421, -14.01246357],
       [  6.84064579, -12.80166626,   5.99505281],
       [  6.73925495, -12.77145004,   5.89685249],
       ...,
       [ -5.04942465, -15.73186398, -13.99836159],
       [  7.58361006, -12.26254654,   5.88869524],
       [  7.56492519, -12.17763805,   5.98798847]]), array([[ -4.72428751, -12.76849937, -16.75615501],
       [  6.17691231, -12.83342361,   2.25904512],
       [  6.15406704, -12.91608429,   2.14373207],
       ...,
       [ -5.07456636, -12.78619385, -16.38334656],
       [  6.8252635 , -12.1076107 ,   2.17274618],
       [  6.7583375 , -12.13274193,   2.28446293]])]]