[[-8.03653049e+00]
 [-1.81879215e+01]
 [-1.72006912e+01]
 [-1.52218857e+01]
 [-6.10221148e+00]
 [-5.28716421e+00]
 [-5.06655979e+00]
 [-1.92786522e+01]
 [-1.86591167e+01]
 [ 2.34510078e+01]
 [ 2.30253639e+01]
 [ 7.05208158e+00]
 [ 6.94826698e+00]
 [ 8.62946701e+00]
 [ 8.44390488e+00]
 [-1.46059694e+01]
 [-6.97750187e+00]
 [ 1.21323166e+01]
 [ 9.63779640e+00]
 [-7.67336702e+00]
 [-3.16699123e+00]
 [-3.16592145e+00]
 [-1.06584597e+00]
 [ 2.04414463e+01]
 [ 2.05995159e+01]
 [-1.58310976e+01]
 [-2.02810836e+00]
 [-1.93970375e+01]
 [-1.28822584e+01]
 [-1.93031824e+00]
 [-1.26447334e+01]
 [-7.14561367e+00]
 [ 1.53999128e+01]
 [ 1.52805157e+01]
 [ 2.63145390e+01]
 [ 2.62839260e+01]
 [ 2.68016911e+01]
 [ 1.95322475e+01]
 [ 2.67572384e+01]
 [ 1.95592957e+01]
 [ 2.81333504e+01]
 [ 2.33795853e+01]
 [ 2.29409771e+01]
 [ 2.26618652e+01]
 [ 2.32529545e+01]
 [ 2.19695244e+01]
 [ 2.79815063e+01]
 [ 2.28096790e+01]
 [ 2.30241222e+01]
 [ 2.29430771e+01]
 [-1.78255787e+01]
 [-1.60097065e+01]
 [ 2.81621857e+01]
 [ 2.03078346e+01]
 [ 2.47190437e+01]
 [-1.92527313e+01]
 [-2.59215617e+00]
 [-4.20337677e+00]
 [-6.47328711e+00]
 [-6.60734081e+00]
 [-6.45367289e+00]
 [-5.96411276e+00]
 [ 2.61607952e+01]
 [ 1.97463226e+01]
 [ 2.63751240e+01]
 [ 2.76160736e+01]
 [-4.63232517e+00]
 [-1.83840427e+01]
 [-4.33842897e+00]
 [ 2.61183262e+01]
 [ 1.98054943e+01]
 [ 2.63320065e+01]
 [ 2.50908546e+01]
 [ 1.06373348e+01]
 [ 1.03516493e+01]
 [ 9.60926437e+00]
 [ 1.02577553e+01]
 [ 1.05630054e+01]
 [ 9.86720467e+00]
 [ 1.08167839e+01]
 [ 1.04606724e+01]
 [-1.81264806e+00]
 [ 2.45991135e+01]
 [ 2.64467697e+01]
 [-2.40282211e+01]
 [ 2.33483868e+01]
 [ 2.40702381e+01]
 [-1.65121288e+01]
 [-1.72284870e+01]
 [-1.72113380e+01]
 [-2.14888611e+01]
 [-2.05789928e+01]
 [-2.17001324e+01]
 [-2.27468567e+01]
 [-1.35790157e+01]
 [-2.19118290e+01]
 [-3.90314150e+00]
 [ 1.67107639e+01]
 [ 1.66603889e+01]
 [-3.11591220e+00]
 [ 1.12188301e+01]
 [ 1.12068987e+01]
 [-1.57606411e+00]
 [-1.54066074e+00]
 [ 1.07665386e+01]
 [ 9.48455906e+00]
 [-5.20040989e+00]
 [-6.80467701e+00]
 [-1.70506363e+01]
 [ 2.88917980e+01]
 [-5.81994343e+00]
 [ 3.07688255e+01]
 [-1.20628605e+01]
 [-1.60559158e+01]
 [-1.65916767e+01]
 [-1.54438353e+01]
 [-7.57156992e+00]
 [-1.51905346e+01]
 [-1.53364687e+01]
 [-6.32485247e+00]
 [-1.10451829e+00]
 [-6.00022697e+00]
 [ 1.10866642e+01]
 [ 9.77276897e+00]
 [ 1.03563604e+01]
 [ 8.42199039e+00]
 [-5.14169216e+00]
 [-5.14643240e+00]
 [ 8.84755516e+00]
 [ 9.44141483e+00]
 [ 1.13313265e+01]
 [ 1.10147161e+01]
 [ 1.08041897e+01]
 [ 1.10082607e+01]
 [ 1.10138521e+01]
 [ 1.11625834e+01]
 [ 1.02060394e+01]
 [ 9.71301746e+00]
 [-2.18668423e+01]
 [-2.13083324e+01]
 [-1.99601917e+01]
 [-1.78439770e+01]
 [-1.87639999e+01]
 [-1.70693550e+01]
 [-1.76995468e+01]
 [-2.05853615e+01]
 [ 1.81467533e+01]
 [ 2.09415054e+01]
 [ 1.60484104e+01]
 [ 1.60564365e+01]
 [ 2.09478607e+01]
 [ 1.85679092e+01]
 [ 2.81191235e+01]
 [ 2.30507622e+01]
 [-1.76303387e+01]
 [-1.56120882e+01]
 [-4.02025080e+00]
 [-2.09787369e+01]
 [-1.46157074e+01]
 [ 2.61635532e+01]
 [ 1.97362175e+01]
 [-5.67489672e+00]
 [ 9.29449272e+00]
 [ 8.59176826e+00]
 [ 2.59177742e+01]
 [ 2.75126476e+01]
 [ 2.69509716e+01]
 [ 1.95717258e+01]
 [ 2.60693016e+01]
 [ 1.94619274e+01]
 [-2.30470324e+00]
 [ 2.24215488e+01]
 [-1.69811153e+01]
 [-1.89093876e+01]
 [-1.67756500e+01]
 [-1.74367695e+01]
 [-4.10307312e+00]
 [-4.03414345e+00]
 [-2.82888961e+00]
 [-6.30964375e+00]
 [-6.76029205e-01]
 [-1.82394924e+01]
 [-1.68368168e+01]
 [-1.72227421e+01]
 [-1.78059921e+01]
 [-4.99783516e+00]
 [ 1.08392811e+01]
 [ 9.75185871e+00]
 [ 2.10835018e+01]
 [ 2.10659828e+01]
 [ 1.66273460e+01]
 [ 2.10976200e+01]
 [ 1.88591766e+01]
 [ 1.85819836e+01]
 [ 1.86013298e+01]
 [ 1.88276405e+01]
 [-5.43112326e+00]
 [-1.85337543e+01]
 [-2.01828804e+01]
 [ 1.02217846e+01]
 [ 9.76068115e+00]
 [ 2.99083099e+01]
 [-4.00364161e+00]
 [-3.53921580e+00]
 [-3.27585196e+00]
 [-1.84837894e+01]
 [-1.67404213e+01]
 [-3.44268179e+00]
 [-7.90075684e+00]
 [-7.09511471e+00]
 [-4.84115171e+00]
 [-1.72084713e+01]
 [-7.83881998e+00]
 [-3.59870982e+00]
 [-1.47259846e+01]
 [-3.91494465e+00]
 [-6.18857384e+00]
 [-5.53193283e+00]
 [-6.27107954e+00]
 [-3.36182880e+00]
 [ 1.13169022e+01]
 [ 1.06094198e+01]
 [ 1.03588991e+01]
 [ 1.06458540e+01]
 [ 9.77814102e+00]
 [ 9.96395969e+00]
 [ 1.11720457e+01]
 [ 9.77769566e+00]
 [ 1.13904619e+01]
 [ 1.22655077e+01]
 [ 2.40806808e+01]
 [ 2.22425747e+01]
 [ 2.32998009e+01]
 [ 2.24055519e+01]
 [ 1.03397598e+01]
 [ 8.93903255e+00]
 [ 1.05733252e+01]
 [ 9.20349979e+00]
 [ 1.00115404e+01]
 [ 1.05372486e+01]
 [-2.19033833e+01]
 [-1.97350197e+01]
 [ 2.55125866e+01]
 [ 2.15629959e+01]
 [ 2.56177769e+01]
 [ 2.19393711e+01]
 [ 2.50947800e+01]
 [ 2.23091450e+01]
 [ 2.05195141e+01]
 [ 1.83803082e+01]
 [ 2.57475510e+01]
 [ 2.03845997e+01]
 [ 2.57620621e+01]
 [ 2.06559277e+01]
 [ 9.88927078e+00]
 [ 8.93371964e+00]
 [ 1.18732157e+01]
 [ 1.03858280e+01]
 [ 1.25869198e+01]
 [ 1.00708561e+01]
 [-6.67304134e+00]
 [-5.78255892e+00]
 [ 9.38675785e+00]
 [ 9.07097626e+00]
 [-8.19832134e+00]
 [-7.24138641e+00]
 [-1.59815474e+01]
 [-1.78458729e+01]
 [-8.08238792e+00]
 [-1.66563187e+01]
 [-1.63905468e+01]
 [ 2.47442665e+01]
 [ 2.21813927e+01]
 [-1.82597370e+01]
 [-7.95796347e+00]
 [-1.35673056e+01]
 [-1.49035473e+01]
 [-2.07592430e+01]
 [-2.49650593e+01]
 [-1.38309860e+01]
 [-2.50880680e+01]
 [-2.26151714e+01]
 [ 1.63419857e+01]
 [ 1.63861618e+01]
 [ 1.62706757e+01]
 [ 1.63461266e+01]
 [-2.32577782e+01]
 [-2.02406368e+01]
 [-2.47548103e+01]
 [-2.48553486e+01]
 [-2.28385887e+01]
 [-2.35953522e+01]
 [-2.05804977e+01]
 [-2.20037098e+01]
 [-2.43921337e+01]
 [-2.14059200e+01]
 [-6.99499071e-01]
 [-1.88257825e+00]
 [-2.44555187e+01]
 [-2.20277500e+01]
 [-2.30433693e+01]
 [-2.30052681e+01]
 [-2.34571171e+01]
 [-2.11308193e+01]
 [-1.93267651e+01]
 [-1.90764599e+01]
 [-2.00112839e+01]
 [-1.72993736e+01]
 [-2.40728226e+01]
 [-2.26802521e+01]
 [-2.44186497e+01]
 [-1.65039444e+01]
 [-1.65146027e+01]
 [-1.72962742e+01]
 [-1.61874294e+01]
 [-1.86271248e+01]
 [-1.60420399e+01]
 [-1.59271736e+01]
 [-1.80736179e+01]
 [-1.57726612e+01]
 [-1.97259750e+01]
 [-6.64714098e+00]
 [-5.76107883e+00]
 [-2.07497520e+01]
 [-1.99978180e+01]
 [-1.85191097e+01]
 [-2.34733543e+01]
 [-9.65164185e+00]
 [-1.97652283e+01]
 [-1.80898914e+01]
 [-2.04362659e+01]
 [-1.10946064e+01]
 [-2.26124191e+01]
 [-2.31799259e+01]
 [-4.68570805e+00]
 [-9.29369926e-01]
 [-4.64055824e+00]
 [-1.57675161e+01]
 [-2.85265654e-01]
 [-2.22963601e-01]
 [-2.19359226e+01]
 [-2.35931873e+01]
 [-2.34391365e+01]
 [ 3.18847675e+01]
 [-2.40295086e+01]
 [-1.53195162e+01]
 [-2.07463264e+01]
 [-3.17392528e-01]
 [-2.39393597e+01]
 [-1.59328508e+01]
 [-1.89639549e+01]
 [-4.52903223e+00]
 [-2.37489548e+01]
 [-5.69559515e-01]
 [-7.99287021e-01]
 [-2.04385681e+01]
 [-2.14396019e+01]
 [-3.57520789e-01]
 [-4.24650192e+00]
 [-1.13898916e+01]
 [-2.72061110e+00]
 [ 3.14653702e-02]
 [-2.22662888e+01]
 [-2.16087475e+01]
 [-2.38678875e+01]
 [ 2.30539589e+01]
 [ 2.03286438e+01]
 [-8.14618587e+00]
 [-2.51039734e+01]
 [-2.48370113e+01]
 [-7.14558887e+00]
 [-4.40589249e-01]
 [ 2.30484066e+01]
 [ 2.24875736e+01]
 [ 2.28425884e+01]
 [ 2.24632893e+01]
 [ 2.15791092e+01]
 [ 2.00802498e+01]
 [ 2.50096169e+01]
 [ 2.21094360e+01]
 [ 2.48586636e+01]
 [ 2.16084709e+01]
 [ 2.30139370e+01]
 [ 2.25981712e+01]
 [-5.99738806e-02]
 [-4.28434163e-01]
 [ 2.29632492e+01]
 [ 2.22762680e+01]
 [ 2.39658871e+01]
 [ 2.03465595e+01]
 [ 2.46821766e+01]
 [ 2.19335194e+01]
 [ 2.45836849e+01]
 [ 2.17967148e+01]
 [ 2.25362949e+01]
 [ 2.05037880e+01]
 [ 2.13068504e+01]
 [ 2.08557339e+01]
 [-6.62894323e-02]
 [ 1.00917891e-01]
 [-1.98732243e+01]
 [-1.93702984e+01]
 [-1.79238968e+01]
 [-5.70165396e+00]
 [-4.40891123e+00]
 [-2.80071888e+01]
 [ 1.67152119e+01]
 [ 2.47420692e+01]
 [ 1.49478045e+01]
 [ 1.66091614e+01]
 [ 2.44512177e+01]
 [ 1.60661449e+01]
 [ 1.80691471e+01]
 [ 2.43227711e+01]
 [ 2.22165375e+01]
 [ 1.72565041e+01]
 [ 1.59391956e+01]
 [ 2.08011532e+01]
 [ 1.97918968e+01]
 [ 2.49127598e+01]
 [ 1.69745121e+01]
 [ 2.42043247e+01]
 [ 2.23944702e+01]
 [ 2.58689137e+01]
 [ 2.75081520e+01]
 [ 2.38523235e+01]
 [ 1.92561855e+01]
 [-2.07463245e+01]
 [-2.33725395e+01]
 [-1.17705507e+01]
 [-1.25328903e+01]
 [-1.27419586e+01]
 [-3.95826125e+00]
 [-1.77910881e+01]
 [-2.41835575e+01]
 [-3.54244804e+00]
 [-1.29510868e+00]
 [-4.44394398e+00]
 [-1.65975904e+00]
 [-3.70917678e+00]
 [-1.33164749e+01]
 [-3.61399174e+00]
 [-3.07111835e+00]
 [ 1.16898870e+01]
 [ 1.20192146e+01]
 [-1.44510212e+01]
 [ 1.58779240e+01]
 [ 1.58857641e+01]
 [ 1.59592218e+01]
 [ 1.59720516e+01]
 [-2.20753517e+01]
 [-4.09174442e+00]
 [-7.53457022e+00]
 [-1.84832821e+01]
 [ 6.73943758e+00]
 [-2.78880286e+00]
 [-1.62371063e+01]
 [-2.00733876e+00]
 [-5.60873032e+00]
 [-1.08821554e+01]
 [-3.95858121e+00]
 [-4.74361229e+00]
 [ 2.55217037e+01]
 [ 1.97817497e+01]
 [-3.09135866e+00]
 [ 1.77430332e-01]
 [ 4.61149961e-01]
 [-5.17680311e+00]
 [-5.04948997e+00]
 [-7.38217831e+00]
 [ 1.13774519e+01]
 [ 8.99244499e+00]
 [-1.76051216e+01]
 [-6.25270319e+00]
 [-6.80823231e+00]
 [ 2.88941288e+01]
 [ 2.52551365e+01]
 [-2.22731209e+01]
 [ 2.57548294e+01]
 [ 2.17584572e+01]
 [-1.93391399e+01]
 [-1.02263570e+00]
 [-2.21102943e+01]
 [-1.25730181e+01]
 [-2.23490829e+01]
 [ 1.44907360e+01]
 [ 1.45088530e+01]
 [ 1.17232027e+01]
 [ 2.44416180e+01]
 [ 2.60511475e+01]
 [ 2.43645325e+01]
 [ 2.12322826e+01]
 [ 2.55318623e+01]
 [ 1.96807098e+01]
 [ 2.55605907e+01]
 [ 2.66071281e+01]
 [ 2.49889851e+01]
 [ 2.69301338e+01]
 [-1.21294956e+01]
 [-4.07419872e+00]
 [ 1.66491299e+01]
 [-3.65328741e+00]
 [-2.55618596e+00]
 [-1.61351795e+01]
 [-2.69425678e+01]
 [ 8.44561768e+00]
 [-3.06947851e+00]
 [-2.14783878e+01]
 [-1.81358566e+01]
 [-1.36800241e+00]
 [-1.04258623e+01]
 [-1.78242588e+01]
 [-1.77509346e+01]
 [-2.15439606e+01]
 [-1.14808636e+01]
 [-2.86636806e+00]
 [-2.00581245e+01]
 [-2.26905608e+00]
 [-1.05176144e+01]
 [-1.05586939e+01]
 [-1.04726000e+01]
 [-2.03379879e+01]
 [ 1.63953362e+01]
 [ 1.64128056e+01]
 [ 1.75058613e+01]
 [ 1.94121227e+01]
 [-9.69397008e-01]
 [-2.37918415e+01]
 [-1.44912405e+01]
 [ 1.34313335e+01]
 [ 1.34209824e+01]]